0.50 11.00
0.50 11.00
0.50 11.00
0.50 11.00
0.50 11.00
0.50 11.00
0.50 11.00
0.50 11.00
0.50 11.00
0.50 11.00
0.50 11.01
0.50 11.01
0.50 11.01
0.50 11.02
0.50 11.02
0.50 11.03
0.50 11.04
0.50 11.05
0.50 11.06
0.50 11.07
0.50 11.08
0.50 11.09
0.50 11.10
0.50 11.12
0.50 11.13
0.50 11.15
0.50 11.17
0.50 11.19
0.50 11.21
0.50 11.23
0.50 11.26
0.50 11.28
0.50 11.31
0.50 11.34
0.50 11.37
0.50 11.40
0.50 11.43
0.50 11.47
0.50 11.50
0.50 11.54
0.50 11.58
0.50 11.62
0.50 11.66
0.50 11.70
0.50 11.74
0.50 11.79
0.50 11.84
0.50 11.89
0.50 11.93
0.50 11.99
0.50 12.04
0.50 12.09
0.50 12.15
0.49 12.21
0.49 12.26
0.49 12.32
0.48 12.38
0.48 12.45
0.47 12.51
0.47 12.58
0.46 12.64
0.46 12.71
0.45 12.78
0.44 12.85
0.44 12.92
0.43 13.00
0.43 13.07
0.42 13.15
0.42 13.22
0.42 13.30
0.41 13.38
0.41 13.47
0.41 13.55
0.40 13.64
0.40 13.72
0.40 13.81
0.40 13.90
0.39 13.99
0.39 14.08
0.39 14.18
0.39 14.27
0.38 14.37
0.38 14.47
0.38 14.56
0.37 14.66
0.36 14.77
0.35 14.87
0.35 14.97
0.34 15.08
0.33 15.19
0.32 15.30
0.31 15.41
0.30 15.52
0.29 15.63
0.27 15.74
0.26 15.86
0.25 15.98
0.24 16.10
0.22 16.22
0.21 16.34
0.19 16.46
0.17 16.59
0.16 16.71
0.14 16.84
0.12 16.96
0.10 17.09
0.09 17.22
0.07 17.35
0.05 17.48
0.03 17.61
0.00 17.75
-0.02 17.88
-0.04 18.02
-0.06 18.16
-0.09 18.30
-0.11 18.44
-0.14 18.58
-0.16 18.72
-0.19 18.87
-0.22 19.01
-0.24 19.16
-0.27 19.30
-0.30 19.45
-0.33 19.60
-0.36 19.75
-0.39 19.90
-0.42 20.05
-0.45 20.20
-0.48 20.35
-0.52 20.50
-0.55 20.66
-0.58 20.82
-0.62 20.97
-0.65 21.13
-0.68 21.29
-0.72 21.45
-0.75 21.61
-0.78 21.77
-0.82 21.93
-0.85 22.10
-0.89 22.26
-0.92 22.42
-0.96 22.59
-0.99 22.75
-1.03 22.92
-1.07 23.09
-1.11 23.26
-1.14 23.43
-1.18 23.60
-1.22 23.77
-1.25 23.95
-1.28 24.12
-1.31 24.30
-1.34 24.47
-1.36 24.65
-1.39 24.83
-1.42 25.01
-1.44 25.19
-1.47 25.38
-1.49 25.56
-1.52 25.74
-1.54 25.93
-1.56 26.12
-1.59 26.30
-1.61 26.49
-1.63 26.68
-1.65 26.87
-1.67 27.07
-1.69 27.26
-1.71 27.45
-1.72 27.64
-1.74 27.84
-1.75 28.03
-1.77 28.23
-1.78 28.43
-1.79 28.63
-1.81 28.83
-1.82 29.03
-1.83 29.23
-1.84 29.43
-1.85 29.63
-1.86 29.84
-1.87 30.04
-1.88 30.24
-1.88 30.45
-1.89 30.66
-1.90 30.86
-1.90 31.07
-1.90 31.28
-1.91 31.49
-1.91 31.70
-1.91 31.91
-1.91 32.13
-1.91 32.34
-1.91 32.55
-1.91 32.77
-1.91 32.98
-1.90 33.20
-1.90 33.41
-1.89 33.63
-1.89 33.85
-1.89 34.07
-1.88 34.28
-1.87 34.50
-1.87 34.72
-1.86 34.95
-1.85 35.17
-1.84 35.39
-1.83 35.61
-1.82 35.84
-1.81 36.06
-1.80 36.29
-1.78 36.51
-1.77 36.74
-1.76 36.97
-1.75 37.20
-1.74 37.42
-1.73 37.65
-1.73 37.88
-1.72 38.11
-1.72 38.34
-1.71 38.58
-1.71 38.81
-1.71 39.05
-1.71 39.28
-1.71 39.52
-1.70 39.75
-1.70 39.99
-1.70 40.23
-1.70 40.47
-1.70 40.71
-1.70 40.95
-1.70 41.19
-1.70 41.43
-1.71 41.67
-1.71 41.91
-1.72 42.16
-1.72 42.40
-1.73 42.64
-1.74 42.89
-1.74 43.14
-1.75 43.38
-1.76 43.63
-1.77 43.88
-1.78 44.13
-1.79 44.37
-1.80 44.62
-1.81 44.87
-1.82 45.12
-1.83 45.38
-1.84 45.63
-1.86 45.88
-1.87 46.13
-1.88 46.39
-1.89 46.64
-1.91 46.90
-1.92 47.16
-1.94 47.41
-1.95 47.67
-1.97 47.93
-1.98 48.18
-2.00 48.44
-2.02 48.70
-2.03 48.96
-2.05 49.22
-2.07 49.48
-2.08 49.74
-2.10 50.01
-2.11 50.27
-2.12 50.53
-2.14 50.80
-2.15 51.06
-2.16 51.33
-2.17 51.59
-2.18 51.86
-2.19 52.13
-2.20 52.39
-2.22 52.66
-2.23 52.93
-2.24 53.20
-2.25 53.47
-2.26 53.74
-2.27 54.01
-2.28 54.29
-2.29 54.56
-2.29 54.83
-2.30 55.11
-2.31 55.38
-2.31 55.65
-2.32 55.93
-2.32 56.21
-2.33 56.48
-2.33 56.76
-2.33 57.04
-2.34 57.31
-2.34 57.59
-2.34 57.87
-2.34 58.15
-2.35 58.43
-2.35 58.71
-2.35 58.99
-2.35 59.27
-2.35 59.56
-2.35 59.84
-2.35 60.12
-2.35 60.40
-2.34 60.69
-2.34 60.98
-2.34 61.26
-2.33 61.54
-2.33 61.83
-2.33 62.12
-2.32 62.40
-2.31 62.69
-2.31 62.98
-2.30 63.27
-2.30 63.56
-2.29 63.85
-2.28 64.14
-2.28 64.43
-2.27 64.72
-2.26 65.01
-2.26 65.30
-2.25 65.59
-2.24 65.89
-2.23 66.18
-2.22 66.47
-2.22 66.77
-2.21 67.06
-2.20 67.36
-2.19 67.65
-2.18 67.95
-2.17 68.25
-2.16 68.54
-2.15 68.84
-2.15 69.14
-2.14 69.44
-2.14 69.74
-2.13 70.04
-2.13 70.34
-2.13 70.64
-2.13 70.94
-2.12 71.24
-2.12 71.54
-2.12 71.84
-2.12 72.14
-2.12 72.45
-2.11 72.75
-2.11 73.06
-2.11 73.36
-2.11 73.66
-2.12 73.97
-2.12 74.28
-2.12 74.58
-2.12 74.89
-2.13 75.20
-2.13 75.50
-2.14 75.81
-2.14 76.12
-2.15 76.43
-2.16 76.74
-2.16 77.05
-2.17 77.36
-2.18 77.67
-2.19 77.98
-2.19 78.29
-2.20 78.60
-2.21 78.91
-2.22 79.22
-2.23 79.54
-2.24 79.85
-2.25 80.17
-2.26 80.48
-2.27 80.79
-2.28 81.11
-2.29 81.42
-2.30 81.74
-2.32 82.06
-2.33 82.37
-2.34 82.69
-2.36 83.01
-2.37 83.32
-2.38 83.64
-2.39 83.96
-2.40 84.28
-2.41 84.60
-2.42 84.92
-2.43 85.24
-2.43 85.56
-2.44 85.88
-2.45 86.20
-2.45 86.52
-2.46 86.84
-2.47 87.17
-2.47 87.49
-2.48 87.81
-2.48 88.13
-2.48 88.46
-2.49 88.78
-2.49 89.11
-2.50 89.43
-2.50 89.76
-2.50 90.08
-2.50 90.41
-2.50 90.73
-2.50 91.06
-2.49 91.39
-2.49 91.71
-2.49 92.04
-2.49 92.37
-2.48 92.70
-2.48 93.03
-2.47 93.35
-2.47 93.68
-2.46 94.01
-2.46 94.34
-2.45 94.67
-2.44 95.00
-2.44 95.33
-2.43 95.67
-2.42 96.00
-2.41 96.33
-2.40 96.66
-2.40 96.99
-2.39 97.32
-2.38 97.66
-2.37 97.99
-2.36 98.32
-2.34 98.66
-2.33 98.99
-2.32 99.33
-2.31 99.66
-2.30 100.00
-2.29 100.33
-2.28 100.67
-2.27 101.00
-2.26 101.34
-2.26 101.68
-2.25 102.01
-2.24 102.35
-2.24 102.69
-2.23 103.03
-2.23 103.37
-2.22 103.70
-2.22 104.04
-2.21 104.38
-2.21 104.72
-2.20 105.06
-2.20 105.40
-2.20 105.74
-2.19 106.08
-2.19 106.42
-2.19 106.77
-2.19 107.11
-2.19 107.45
-2.20 107.79
-2.20 108.13
-2.20 108.48
-2.20 108.82
-2.21 109.16
-2.21 109.51
-2.22 109.85
-2.22 110.19
-2.23 110.54
-2.24 110.88
-2.24 111.23
-2.25 111.57
-2.26 111.92
-2.27 112.26
-2.28 112.61
-2.28 112.96
-2.29 113.30
-2.30 113.65
-2.31 114.00
-2.32 114.34
-2.34 114.69
-2.35 115.04
-2.36 115.39
-2.37 115.73
-2.38 116.08
-2.40 116.43
-2.41 116.78
-2.42 117.13
-2.44 117.48
-2.45 117.83
-2.46 118.18
-2.46 118.53
-2.47 118.88
-2.48 119.23
-2.49 119.58
-2.49 119.93
-2.50 120.28
-2.50 120.64
-2.51 120.99
-2.52 121.34
-2.52 121.69
-2.53 122.05
-2.53 122.40
-2.53 122.75
-2.54 123.11
-2.54 123.46
-2.54 123.81
-2.54 124.17
-2.54 124.52
-2.54 124.88
-2.54 125.23
-2.54 125.59
-2.53 125.94
-2.53 126.30
-2.53 126.65
-2.52 127.01
-2.52 127.37
-2.51 127.72
-2.50 128.08
-2.50 128.44
-2.49 128.79
-2.48 129.15
-2.47 129.51
-2.46 129.87
-2.45 130.22
-2.44 130.58
-2.43 130.94
-2.42 131.30
-2.41 131.66
-2.40 132.02
-2.39 132.37
-2.37 132.73
-2.36 133.09
-2.34 133.45
-2.33 133.81
-2.31 134.17
-2.30 134.53
-2.28 134.89
-2.27 135.25
-2.26 135.61
-2.25 135.97
-2.24 136.34
-2.23 136.70
-2.22 137.06
-2.21 137.42
-2.20 137.78
-2.20 138.15
-2.19 138.51
-2.18 138.87
-2.18 139.24
-2.17 139.60
-2.16 139.96
-2.16 140.33
-2.15 140.69
-2.15 141.05
-2.15 141.42
-2.14 141.78
-2.14 142.15
-2.14 142.51
-2.15 142.88
-2.15 143.24
-2.15 143.61
-2.15 143.98
-2.16 144.34
-2.16 144.71
-2.17 145.07
-2.18 145.44
-2.19 145.81
-2.19 146.17
-2.20 146.54
-2.21 146.91
-2.22 147.27
-2.23 147.64
-2.24 148.01
-2.26 148.38
-2.27 148.74
-2.28 149.11
-2.29 149.48
-2.31 149.85
-2.32 150.22
-2.34 150.59
-2.35 150.96
-2.37 151.32
-2.38 151.69
-2.40 152.06
-2.42 152.43
-2.44 152.80
-2.46 153.17
-2.47 153.54
-2.48 153.91
-2.50 154.28
-2.51 154.65
-2.52 155.02
-2.53 155.39
-2.54 155.76
-2.55 156.13
-2.55 156.51
-2.56 156.88
-2.57 157.25
-2.57 157.62
-2.58 157.99
-2.59 158.37
-2.59 158.74
-2.60 159.11
-2.60 159.48
-2.60 159.86
-2.60 160.23
-2.60 160.60
-2.60 160.98
-2.60 161.35
-2.59 161.72
-2.59 162.10
-2.58 162.47
-2.58 162.85
-2.57 163.22
-2.56 163.59
-2.55 163.97
-2.54 164.34
-2.53 164.72
-2.52 165.09
-2.50 165.47
-2.49 165.84
-2.48 166.22
-2.46 166.59
-2.45 166.97
-2.43 167.34
-2.41 167.72
-2.40 168.09
-2.38 168.47
-2.36 168.84
-2.34 169.22
-2.32 169.59
-2.30 169.97
-2.28 170.35
-2.26 170.72
-2.23 171.10
-2.21 171.47
-2.19 171.85
-2.17 172.23
-2.15 172.60
-2.14 172.98
-2.12 173.36
-2.11 173.74
-2.10 174.11
-2.08 174.49
-2.07 174.87
-2.06 175.25
-2.05 175.63
-2.05 176.01
-2.04 176.39
-2.03 176.76
-2.02 177.14
-2.02 177.52
-2.01 177.90
-2.01 178.28
-2.01 178.66
-2.01 179.04
-2.01 179.42
-2.01 179.80
-2.01 180.18
-2.02 180.56
-2.03 180.94
-2.04 181.32
-2.05 181.70
-2.06 182.08
-2.07 182.46
-2.09 182.84
-2.10 183.22
-2.12 183.60
-2.14 183.99
-2.15 184.37
-2.17 184.75
-2.19 185.13
-2.21 185.51
-2.23 185.89
-2.25 186.27
-2.28 186.65
-2.30 187.03
-2.32 187.41
-2.35 187.79
-2.37 188.17
-2.40 188.55
-2.43 188.94
-2.45 189.32
-2.48 189.70
-2.51 190.08
-2.54 190.46
-2.57 190.84
-2.60 191.22
-2.62 191.61
-2.64 191.99
-2.67 192.37
-2.68 192.75
-2.70 193.14
-2.72 193.52
-2.73 193.90
-2.75 194.29
-2.76 194.67
-2.77 195.05
-2.78 195.44
-2.80 195.82
-2.81 196.20
-2.82 196.59
-2.82 196.97
-2.83 197.36
-2.84 197.74
-2.84 198.13
-2.84 198.51
-2.84 198.90
-2.84 199.28
-2.83 199.66
-2.83 200.05
-2.82 200.43
-2.81 200.82
-2.80 201.20
-2.79 201.59
-2.78 201.97
-2.77 202.36
-2.75 202.74
-2.73 203.12
-2.71 203.51
-2.69 203.89
-2.67 204.28
-2.65 204.66
-2.63 205.05
-2.60 205.43
-2.58 205.81
-2.55 206.20
-2.52 206.58
-2.49 206.97
-2.46 207.35
-2.43 207.73
-2.39 208.12
-2.36 208.50
-2.32 208.89
-2.28 209.27
-2.24 209.65
-2.20 210.04
-2.17 210.42
-2.14 210.80
-2.11 211.19
-2.08 211.57
-2.06 211.96
-2.03 212.35
-2.01 212.73
-1.99 213.12
-1.97 213.50
-1.95 213.89
-1.94 214.28
-1.92 214.66
-1.91 215.05
-1.89 215.44
-1.88 215.82
-1.86 216.21
-1.85 216.60
-1.85 216.99
-1.84 217.37
-1.84 217.76
-1.84 218.15
-1.84 218.54
-1.85 218.92
-1.85 219.31
-1.86 219.70
-1.87 220.08
-1.88 220.47
-1.90 220.86
-1.91 221.25
-1.93 221.63
-1.95 222.02
-1.98 222.41
-2.00 222.79
-2.02 223.18
-2.05 223.56
-2.08 223.95
-2.10 224.34
-2.13 224.72
-2.16 225.11
-2.20 225.49
-2.23 225.88
-2.27 226.26
-2.30 226.65
-2.34 227.04
-2.38 227.42
-2.42 227.80
-2.47 228.19
-2.52 228.57
-2.56 228.96
-2.61 229.34
-2.65 229.73
-2.68 230.11
-2.72 230.50
-2.75 230.89
-2.79 231.27
-2.82 231.66
-2.84 232.04
-2.87 232.43
-2.90 232.82
-2.92 233.21
-2.95 233.59
-2.97 233.98
-2.99 234.37
-3.01 234.76
-3.04 235.14
-3.06 235.53
-3.07 235.92
-3.09 236.31
-3.10 236.70
-3.10 237.09
-3.11 237.47
-3.11 237.86
-3.11 238.25
-3.10 238.64
-3.10 239.03
-3.09 239.41
-3.08 239.80
-3.07 240.19
-3.05 240.58
-3.03 240.96
-3.01 241.35
-2.99 241.73
-2.96 242.12
-2.94 242.51
-2.91 242.89
-2.88 243.28
-2.85 243.66
-2.81 244.05
-2.78 244.43
-2.74 244.82
-2.70 245.20
-2.65 245.58
-2.61 245.97
-2.56 246.35
-2.51 246.73
-2.46 247.11
-2.40 247.50
-2.34 247.88
-2.28 248.26
-2.23 248.64
-2.18 249.02
-2.13 249.40
-2.09 249.79
-2.05 250.17
-2.01 250.56
-1.97 250.94
-1.94 251.33
-1.90 251.71
-1.87 252.10
-1.84 252.48
-1.81 252.87
-1.78 253.25
-1.76 253.64
-1.73 254.02
